,8,100,114,115,192,199,253,254,256,299,581,604,668,670,751,766,841,846,852,971,972,1280,1351,1868,1967,2035,2135,2367,2468,2473,2489,2643,2813,3482,4159,4171,4186,4255,4904,4990,5026,5027,5104,5171,5677,5728,5737,5773,5905,5924,5940,6036,6039,6059,6380,6410,6418,6619,6665,6688,,,,,,,,,,,,,,,,,,,,,,,,,,,,,,,,,,,,,,,,,,,,,,,,,,,,,,,,,,,,,,,,,,,,,,,,,,,,,,,,,,,,,,,,,,,,,,,,,,,,,,,,,,,,,,,,,,,,,,,,,,,,,,,,,,,,,,,,,,,,,,,,,,,,,,,,,,,,,,,,,,,,,,,,,,,,,,,,,,,,,,,,,,,,,,,,,,,
Auton Gears ,0.25,0.111111111,0.222222222,0.333333333,0,0.125,0.222222222,0.5,0,0.666666667,0.222222222,0.666666667,0.444444444,0.111111111,0.222222222,0.222222222,0,0.111111111,0.111111111,0,0.333333333,0,0.222222222,0.888888889,0,0.333333333,0.666666667,0.333333333,0,0.444444444,0.125,0,0,0.25,0,0,0.111111111,0.111111111,0.222222222,0.333333333,0,0.125,0.444444444,0.111111111,0.111111111,0,0.111111111,0,0,0.25,0.111111111,0,0,0.111111111,0,0,0,0.125,0.222222222,0,,,,,,,,,,,,,,,,,,,,,,,,,,,,,,,,,,,,,,,,,,,,,,,,,,,,,,,,,,,,,,,,,,,,,,,,,,,,,,,,,,,,,,,,,,,,,,,,,,,,,,,,,,,,,,,,,,,,,,,,,,,,,,,,,,,,,,,,,,,,,,,,,,,,,,,,,,,,,,,,,,,,,,,,,,,,,,,,,,,,,,,,,,,,,,,,,,,
Auton Cross Baseline ,1,0.888888889,0.888888889,1,0.625,1,1,0.666666667,0.875,0.888888889,0.777777778,1,0.888888889,0.777777778,0.888888889,0.888888889,0.888888889,1.333333333,0.888888889,0.777777778,1,1,0.888888889,1,0.777777778,0.666666667,0.777777778,0.777777778,0.571428571,1,0.625,0.666666667,0.888888889,1,0.777777778,0.625,1,0.888888889,0.888888889,0.888888889,1,1,1,0.888888889,0.888888889,0.888888889,1,0.888888889,0.75,0.875,0.666666667,1,0.777777778,0.333333333,1,1,1,0.888888889,0.888888889,0.666666667,,,,,,,,,,,,,,,,,,,,,,,,,,,,,,,,,,,,,,,,,,,,,,,,,,,,,,,,,,,,,,,,,,,,,,,,,,,,,,,,,,,,,,,,,,,,,,,,,,,,,,,,,,,,,,,,,,,,,,,,,,,,,,,,,,,,,,,,,,,,,,,,,,,,,,,,,,,,,,,,,,,,,,,,,,,,,,,,,,,,,,,,,,,,,,,,,,,
Baseline Cross Points ,5,4.444444444,4.444444444,5,3.125,5,5,3.333333333,4.375,4.444444444,3.888888889,5,4.444444444,3.888888889,4.444444444,4.444444444,4.444444444,6.666666667,4.444444444,3.888888889,5,5,4.444444444,5,3.888888889,3.333333333,3.888888889,3.888888889,2.857142857,5,3.125,3.333333333,4.444444444,5,3.888888889,3.125,5,4.444444444,4.444444444,4.444444444,5,5,5,4.444444444,4.444444444,4.444444444,5,4.444444444,3.75,4.375,3.333333333,5,3.888888889,1.666666667,5,5,5,4.444444444,4.444444444,3.333333333,,,,,,,,,,,,,,,,,,,,,,,,,,,,,,,,,,,,,,,,,,,,,,,,,,,,,,,,,,,,,,,,,,,,,,,,,,,,,,,,,,,,,,,,,,,,,,,,,,,,,,,,,,,,,,,,,,,,,,,,,,,,,,,,,,,,,,,,,,,,,,,,,,,,,,,,,,,,,,,,,,,,,,,,,,,,,,,,,,,,,,,,,,,,,,,,,,,
Auton High Goal Balls ,0,0,0,0,1.75,0,0,20.11111111,0,0,0,0,0,0,0,0,0,0.888888889,0,31.55555556,0,0,0,0,0,0,0,0,0,0,0,0,0,0,0,0,0,0,0,0,0,0,0,0,0,0,0,0,0,0,0,0,0,0,0,0,0,0,0,0,,,,,,,,,,,,,,,,,,,,,,,,,,,,,,,,,,,,,,,,,,,,,,,,,,,,,,,,,,,,,,,,,,,,,,,,,,,,,,,,,,,,,,,,,,,,,,,,,,,,,,,,,,,,,,,,,,,,,,,,,,,,,,,,,,,,,,,,,,,,,,,,,,,,,,,,,,,,,,,,,,,,,,,,,,,,,,,,,,,,,,,,,,,,,,,,,,,
Auton High Goal Points ,0,0,0,0,1.75,0,0,20.11111111,0,0,0,0,0,0,0,0,0,0.888888889,0,31.55555556,0,0,0,0,0,0,0,0,0,0,0,0,0,0,0,0,0,0,0,0,0,0,0,0,0,0,0,0,0,0,0,0,0,0,0,0,0,0,0,0,,,,,,,,,,,,,,,,,,,,,,,,,,,,,,,,,,,,,,,,,,,,,,,,,,,,,,,,,,,,,,,,,,,,,,,,,,,,,,,,,,,,,,,,,,,,,,,,,,,,,,,,,,,,,,,,,,,,,,,,,,,,,,,,,,,,,,,,,,,,,,,,,,,,,,,,,,,,,,,,,,,,,,,,,,,,,,,,,,,,,,,,,,,,,,,,,,,
Auton Low Goal Balls ,0,0,0,0,0,0,0,0,0,0,0,0,0,2.666666667,0,0,0,0,0,0,0,0,0,0,0,0,0,0,0,0,0,0,0,0,0,0,0,0,0,0,0,0,0,0,0,0,0,0,0,0,0,0,0,0,0,0,0,0,0,0,,,,,,,,,,,,,,,,,,,,,,,,,,,,,,,,,,,,,,,,,,,,,,,,,,,,,,,,,,,,,,,,,,,,,,,,,,,,,,,,,,,,,,,,,,,,,,,,,,,,,,,,,,,,,,,,,,,,,,,,,,,,,,,,,,,,,,,,,,,,,,,,,,,,,,,,,,,,,,,,,,,,,,,,,,,,,,,,,,,,,,,,,,,,,,,,,,,
Auton Low Goal Points ,0,0,0,0,0,0,0,0,0,0,0,0,0,0.888888889,0,0,0,0,0,0,0,0,0,0,0,0,0,0,0,0,0,0,0,0,0,0,0,0,0,0,0,0,0,0,0,0,0,0,0,0,0,0,0,0,0,0,0,0,0,0,,,,,,,,,,,,,,,,,,,,,,,,,,,,,,,,,,,,,,,,,,,,,,,,,,,,,,,,,,,,,,,,,,,,,,,,,,,,,,,,,,,,,,,,,,,,,,,,,,,,,,,,,,,,,,,,,,,,,,,,,,,,,,,,,,,,,,,,,,,,,,,,,,,,,,,,,,,,,,,,,,,,,,,,,,,,,,,,,,,,,,,,,,,,,,,,,,,
Teleop Gears ,3.125,1.888888889,2.777777778,3.555555556,2,1.125,2,2.444444444,1.75,1.666666667,2.111111111,3.666666667,2.555555556,1.666666667,4,2.111111111,2.555555556,2.111111111,2,2.111111111,2.111111111,2,1.777777778,2.111111111,1.333333333,2.888888889,1.666666667,1.666666667,3.428571429,3.333333333,0.625,2.222222222,1.777777778,2.875,2,0.875,1.555555556,2.111111111,3,2.555555556,3,1.125,2.111111111,2.666666667,2.666666667,1,1.555555556,0.555555556,0.375,4.125,1.555555556,2.555555556,1.333333333,0.777777778,1.666666667,0,2.777777778,1.333333333,1.333333333,0.111111111,,,,,,,,,,,,,,,,,,,,,,,,,,,,,,,,,,,,,,,,,,,,,,,,,,,,,,,,,,,,,,,,,,,,,,,,,,,,,,,,,,,,,,,,,,,,,,,,,,,,,,,,,,,,,,,,,,,,,,,,,,,,,,,,,,,,,,,,,,,,,,,,,,,,,,,,,,,,,,,,,,,,,,,,,,,,,,,,,,,,,,,,,,,,,,,,,,,
Teleop High Goal Balls ,0,0,0,0,0,0,0,34,0,0,0,0,0,0,0,0,0,0,0,32.11111111,0,0,0,0,0,0,0,0,0,0,0,0,0,0,0,0,0,0,0,0,0,0,0,0,0,0,0,0,0,0,0,0,0,0,0,0.333333333,0,0,0,0,,,,,,,,,,,,,,,,,,,,,,,,,,,,,,,,,,,,,,,,,,,,,,,,,,,,,,,,,,,,,,,,,,,,,,,,,,,,,,,,,,,,,,,,,,,,,,,,,,,,,,,,,,,,,,,,,,,,,,,,,,,,,,,,,,,,,,,,,,,,,,,,,,,,,,,,,,,,,,,,,,,,,,,,,,,,,,,,,,,,,,,,,,,,,,,,,,,
Teleop High Goal Points,0,0,0,0,0,0,0,11.33333333,0,0,0,0,0,0,0,0,0,0,0,10.7037037,0,0,0,0,0,0,0,0,0,0,0,0,0,0,0,0,0,0,0,0,0,0,0,0,0,0,0,0,0,0,0,0,0,0,0,0.111111111,0,0,0,0,,,,,,,,,,,,,,,,,,,,,,,,,,,,,,,,,,,,,,,,,,,,,,,,,,,,,,,,,,,,,,,,,,,,,,,,,,,,,,,,,,,,,,,,,,,,,,,,,,,,,,,,,,,,,,,,,,,,,,,,,,,,,,,,,,,,,,,,,,,,,,,,,,,,,,,,,,,,,,,,,,,,,,,,,,,,,,,,,,,,,,,,,,,,,,,,,,,
Teleop Low Goal Balls ,0,0,0,0,0,0,0,0,0,0,0,0,0,0,0,0,0,0,0,0,0,0,0,0,0,0,0,0,0,0,0,0,0,0,0,0,0,0,0,0,0,0,0,0,0,0,0,0,0,0,0,0,0,0,0,0,0,0,0,0,,,,,,,,,,,,,,,,,,,,,,,,,,,,,,,,,,,,,,,,,,,,,,,,,,,,,,,,,,,,,,,,,,,,,,,,,,,,,,,,,,,,,,,,,,,,,,,,,,,,,,,,,,,,,,,,,,,,,,,,,,,,,,,,,,,,,,,,,,,,,,,,,,,,,,,,,,,,,,,,,,,,,,,,,,,,,,,,,,,,,,,,,,,,,,,,,,,
Teleop Low Goal Points,0,0,0,0,0,0,0,0,0,0,0,0,0,0,0,0,0,0,0,0,0,0,0,0,0,0,0,0,0,0,0,0,0,0,0,0,0,0,0,0,0,0,0,0,0,0,0,0,0,0,0,0,0,0,0,0,0,0,0,0,,,,,,,,,,,,,,,,,,,,,,,,,,,,,,,,,,,,,,,,,,,,,,,,,,,,,,,,,,,,,,,,,,,,,,,,,,,,,,,,,,,,,,,,,,,,,,,,,,,,,,,,,,,,,,,,,,,,,,,,,,,,,,,,,,,,,,,,,,,,,,,,,,,,,,,,,,,,,,,,,,,,,,,,,,,,,,,,,,,,,,,,,,,,,,,,,,,
Climb Percentage,75.00%,77.78%,44.44%,88.89%,87.50%,87.50%,55.56%,100.00%,25.00%,55.56%,66.67%,77.78%,66.67%,55.56%,100.00%,77.78%,66.67%,88.89%,55.56%,88.89%,66.67%,66.67%,77.78%,100.00%,55.56%,100.00%,55.56%,77.78%,71.43%,77.78%,12.50%,33.33%,77.78%,50.00%,66.67%,62.50%,55.56%,77.78%,66.67%,77.78%,88.89%,0.00%,66.67%,66.67%,87.50%,44.44%,44.44%,0.00%,12.50%,75.00%,66.67%,88.89%,66.67%,22.22%,11.11%,0.00%,77.78%,55.56%,22.22%,11.11%,,,,,,,,,,,,,,,,,,,,,,,,,,,,,,,,,,,,,,,,,,,,,,,,,,,,,,,,,,,,,,,,,,,,,,,,,,,,,,,,,,,,,,,,,,,,,,,,,,,,,,,,,,,,,,,,,,,,,,,,,,,,,,,,,,,,,,,,,,,,,,,,,,,,,,,,,,,,,,,,,,,,,,,,,,,,,,,,,,,,,,,,,,,,,,,,,,,
Average Climb Points Per Game ,37.5,38.88888889,22.22222222,44.44444444,43.75,43.75,27.77777778,50,12.5,27.77777778,33.33333333,38.88888889,33.33333333,27.77777778,50,38.88888889,33.33333333,44.44444444,27.77777778,44.44444444,33.33333333,33.33333333,38.88888889,50,27.77777778,50,27.77777778,38.88888889,35.71428571,38.88888889,6.25,16.66666667,38.88888889,25,33.33333333,31.25,27.77777778,38.88888889,33.33333333,38.88888889,44.44444444,0,33.33333333,33.33333333,43.75,22.22222222,22.22222222,0,6.25,37.5,33.33333333,44.44444444,33.33333333,11.11111111,5.555555556,0,38.88888889,27.77777778,11.11111111,5.555555556,,,,,,,,,,,,,,,,,,,,,,,,,,,,,,,,,,,,,,,,,,,,,,,,,,,,,,,,,,,,,,,,,,,,,,,,,,,,,,,,,,,,,,,,,,,,,,,,,,,,,,,,,,,,,,,,,,,,,,,,,,,,,,,,,,,,,,,,,,,,,,,,,,,,,,,,,,,,,,,,,,,,,,,,,,,,,,,,,,,,,,,,,,,,,,,,,,,
Climb Time ,3,8,3.285714286,3.777777778,3,4.5,3.75,3.111111111,5.166666667,2.5,6.125,3.888888889,4.777777778,7.571428571,4.333333333,4.75,2.777777778,3.166666667,2.666666667,2.875,6.611111111,3,4,3.666666667,3.428571429,3.777777778,3.142857143,5.5,4,4.375,4.833333333,9,10.125,4.285714286,2,6.25,7.5,5.857142857,5.444444444,4.571428571,3.875,0,5.5,3.571428571,3.428571429,5.571428571,7.375,0,2,2.5,3,6.375,4.25,2.571428571,2.714285714,0.857142857,5.5,11.875,5.428571429,0.833333333,,,,,,,,,,,,,,,,,,,,,,,,,,,,,,,,,,,,,,,,,,,,,,,,,,,,,,,,,,,,,,,,,,,,,,,,,,,,,,,,,,,,,,,,,,,,,,,,,,,,,,,,,,,,,,,,,,,,,,,,,,,,,,,,,,,,,,,,,,,,,,,,,,,,,,,,,,,,,,,,,,,,,,,,,,,,,,,,,,,,,,,,,,,,,,,,,,,
Catch Time ,2.625,4.25,2.625,4.444444444,3,2.625,2.444444444,3,6.142857143,3,2.777777778,3.444444444,3.888888889,7.888888889,2.222222222,2.444444444,3.277777778,5.571428571,4.333333333,1.875,4,6.444444444,6,4.222222222,4.75,2.888888889,2.285714286,2.375,7,5.375,7.375,5,3.777777778,6.25,6.25,7.625,10.66666667,6.222222222,2.777777778,4,3.25,7.5,7.333333333,3.428571429,2.875,6.666666667,7.125,0,4.428571429,3.857142857,2,3.444444444,10.55555556,2.375,8.888888889,4,7,4.375,6.833333333,6,,,,,,,,,,,,,,,,,,,,,,,,,,,,,,,,,,,,,,,,,,,,,,,,,,,,,,,,,,,,,,,,,,,,,,,,,,,,,,,,,,,,,,,,,,,,,,,,,,,,,,,,,,,,,,,,,,,,,,,,,,,,,,,,,,,,,,,,,,,,,,,,,,,,,,,,,,,,,,,,,,,,,,,,,,,,,,,,,,,,,,,,,,,,,,,,,,,
,,,,,,,,,,,,,,,,,,,,,,,,,,,,,,,,,,,,,,,,,,,,,,,,,,,,,,,,,,,,,,,,,,,,,,,,,,,,,,,,,,,,,,,,,,,,,,,,,,,,,,,,,,,,,,,,,,,,,,,,,,,,,,,,,,,,,,,,,,,,,,,,,,,,,,,,,,,,,,,,,,,,,,,,,,,,,,,,,,,,,,,,,,,,,,,,,,,,,,,,,,,,,,,,,,,,,,,,,,,,,,,,,,,,,,,,,,,,,,,,,,,,,,,,,,,,,,,
